3.333333333333332593e-01 1.030623680709698664e-16 6.666666666666664076e-01
-5.067451620406764283e-17 2.420194945846215586e-33 5.067451620406764283e-17
0.000000000000000000e+00 0.000000000000000000e+00 0.000000000000000000e+00
0.000000000000000000e+00 0.000000000000000000e+00 0.000000000000000000e+00
3.333333333333332593e-01 -1.591986878309158462e-17 -3.333333333333332593e-01
0.000000000000000000e+00 0.000000000000000000e+00 0.000000000000000000e+00
0.000000000000000000e+00 0.000000000000000000e+00 0.000000000000000000e+00
0.000000000000000000e+00 0.000000000000000000e+00 0.000000000000000000e+00
3.333333333333332593e-01 -1.591986878309158462e-17 -3.333333333333332593e-01
0.000000000000000000e+00 0.000000000000000000e+00 0.000000000000000000e+00
1.387778780781445676e-17 5.000000000000000000e-01 4.999999999999999445e-01
0.000000000000000000e+00 0.000000000000000000e+00 0.000000000000000000e+00
1.387778780781445676e-17 -4.999999999999999445e-01 4.999999999999998890e-01
0.000000000000000000e+00 0.000000000000000000e+00 0.000000000000000000e+00
0.000000000000000000e+00 0.000000000000000000e+00 0.000000000000000000e+00
0.000000000000000000e+00 0.000000000000000000e+00 0.000000000000000000e+00
0.000000000000000000e+00 0.000000000000000000e+00 0.000000000000000000e+00
0.000000000000000000e+00 0.000000000000000000e+00 0.000000000000000000e+00
0.000000000000000000e+00 0.000000000000000000e+00 0.000000000000000000e+00
0.000000000000000000e+00 0.000000000000000000e+00 0.000000000000000000e+00
1.387778780781445676e-17 5.000000000000000000e-01 4.999999999999999445e-01
0.000000000000000000e+00 0.000000000000000000e+00 0.000000000000000000e+00
0.000000000000000000e+00 0.000000000000000000e+00 0.000000000000000000e+00
0.000000000000000000e+00 0.000000000000000000e+00 0.000000000000000000e+00
1.387778780781445676e-17 -4.999999999999999445e-01 4.999999999999998890e-01
0.000000000000000000e+00 0.000000000000000000e+00 0.000000000000000000e+00
0.000000000000000000e+00 0.000000000000000000e+00 0.000000000000000000e+00
0.000000000000000000e+00 0.000000000000000000e+00 0.000000000000000000e+00
1.387778780781445676e-17 -4.999999999999999445e-01 4.999999999999998890e-01
0.000000000000000000e+00 0.000000000000000000e+00 0.000000000000000000e+00
1.387778780781445676e-17 5.000000000000000000e-01 4.999999999999999445e-01
0.000000000000000000e+00 0.000000000000000000e+00 0.000000000000000000e+00
0.000000000000000000e+00 0.000000000000000000e+00 0.000000000000000000e+00
0.000000000000000000e+00 0.000000000000000000e+00 0.000000000000000000e+00
0.000000000000000000e+00 0.000000000000000000e+00 0.000000000000000000e+00
0.000000000000000000e+00 0.000000000000000000e+00 0.000000000000000000e+00
3.333333333333332593e-01 -1.591986878309158462e-17 -3.333333333333332593e-01
0.000000000000000000e+00 0.000000000000000000e+00 0.000000000000000000e+00
0.000000000000000000e+00 0.000000000000000000e+00 0.000000000000000000e+00
0.000000000000000000e+00 0.000000000000000000e+00 0.000000000000000000e+00
3.333333333333332593e-01 4.755121683971203317e-17 6.666666666666666297e-01
0.000000000000000000e+00 0.000000000000000000e+00 0.000000000000000000e+00
0.000000000000000000e+00 0.000000000000000000e+00 0.000000000000000000e+00
0.000000000000000000e+00 0.000000000000000000e+00 0.000000000000000000e+00
3.333333333333332593e-01 -1.591986878309158462e-17 -3.333333333333332593e-01
0.000000000000000000e+00 0.000000000000000000e+00 0.000000000000000000e+00
0.000000000000000000e+00 0.000000000000000000e+00 0.000000000000000000e+00
0.000000000000000000e+00 0.000000000000000000e+00 0.000000000000000000e+00
0.000000000000000000e+00 0.000000000000000000e+00 0.000000000000000000e+00
0.000000000000000000e+00 0.000000000000000000e+00 0.000000000000000000e+00
1.387778780781445676e-17 5.000000000000000000e-01 4.999999999999999445e-01
0.000000000000000000e+00 0.000000000000000000e+00 0.000000000000000000e+00
1.387778780781445676e-17 -4.999999999999999445e-01 4.999999999999998890e-01
0.000000000000000000e+00 0.000000000000000000e+00 0.000000000000000000e+00
0.000000000000000000e+00 0.000000000000000000e+00 0.000000000000000000e+00
0.000000000000000000e+00 0.000000000000000000e+00 0.000000000000000000e+00
1.387778780781445676e-17 -4.999999999999999445e-01 4.999999999999998890e-01
0.000000000000000000e+00 0.000000000000000000e+00 0.000000000000000000e+00
0.000000000000000000e+00 0.000000000000000000e+00 0.000000000000000000e+00
0.000000000000000000e+00 0.000000000000000000e+00 0.000000000000000000e+00
1.387778780781445676e-17 5.000000000000000000e-01 4.999999999999999445e-01
0.000000000000000000e+00 0.000000000000000000e+00 0.000000000000000000e+00
0.000000000000000000e+00 0.000000000000000000e+00 0.000000000000000000e+00
0.000000000000000000e+00 0.000000000000000000e+00 0.000000000000000000e+00
0.000000000000000000e+00 0.000000000000000000e+00 0.000000000000000000e+00
0.000000000000000000e+00 0.000000000000000000e+00 0.000000000000000000e+00
0.000000000000000000e+00 0.000000000000000000e+00 0.000000000000000000e+00
0.000000000000000000e+00 0.000000000000000000e+00 0.000000000000000000e+00
1.387778780781445676e-17 -4.999999999999999445e-01 4.999999999999998890e-01
0.000000000000000000e+00 0.000000000000000000e+00 0.000000000000000000e+00
1.387778780781445676e-17 5.000000000000000000e-01 4.999999999999999445e-01
0.000000000000000000e+00 0.000000000000000000e+00 0.000000000000000000e+00
3.333333333333332593e-01 -1.591986878309158462e-17 -3.333333333333332593e-01
0.000000000000000000e+00 0.000000000000000000e+00 0.000000000000000000e+00
0.000000000000000000e+00 0.000000000000000000e+00 0.000000000000000000e+00
0.000000000000000000e+00 0.000000000000000000e+00 0.000000000000000000e+00
3.333333333333332593e-01 -1.591986878309158462e-17 -3.333333333333332593e-01
0.000000000000000000e+00 0.000000000000000000e+00 0.000000000000000000e+00
0.000000000000000000e+00 0.000000000000000000e+00 0.000000000000000000e+00
0.000000000000000000e+00 0.000000000000000000e+00 0.000000000000000000e+00
3.333333333333332593e-01 4.755121683971203317e-17 6.666666666666666297e-01
